+36 30 522 0986
+36 30 898 4963
+36 30 643 2575
+36 30 539 8259
+36 30 818 7953
+36 30 412 4853
+36 30 067 5437
+36 30 677 9368
+36 30 869 7225
+36 30 481 2447
+36 30 140 6776
+36 30 544 8129
+36 30 997 1139
+36 30 108 5550
+36 30 904 7802
+36 30 461 6815
+36 30 139 2688
+36 30 974 5243
+36 30 470 3826
+36 30 889 7045
+36 30 854 4433
+36 30 070 3136
+36 30 069 9862
+36 30 414 5607
+36 30 619 0525
+36 30 959 1858
+36 30 278 0407
+36 30 124 8312
+36 30 310 9455
+36 30 155 0139
+36 30 183 5914
+36 30 499 7027
+36 30 373 7381
+36 30 374 5148
+36 30 318 2333
+36 30 234 3527
+36 30 907 2987
+36 30 628 7669
+36 30 882 1169
+36 30 047 5644
+36 30 418 4067
+36 30 854 5145
+36 30 281 4408
+36 30 550 1947
+36 30 658 7264
+36 30 185 3313
+36 30 959 3688
+36 30 382 3397
+36 30 567 7227
+36 30 137 4419
+36 70 573 4094
+36 70 157 0662
+36 70 410 7994
+36 70 507 7734
+36 70 087 1723
+36 70 719 4710
+36 70 200 2049
+36 70 462 2975
+36 70 522 2451
+36 70 716 5267
+36 70 778 7172
+36 70 459 3244
+36 70 660 1223
+36 70 305 6722
+36 70 011 2848
+36 70 986 1209
+36 70 600 9248
+36 70 443 1666
+36 70 789 5288
+36 70 643 8437
+36 70 380 5292
+36 70 368 0257
+36 70 365 5537
+36 70 710 2483
+36 70 633 9366
+36 70 246 4044
+36 70 099 6278
+36 70 892 2750
+36 70 943 3099
+36 70 467 5018
+36 70 187 4564
+36 70 566 3278
+36 70 125 2244
+36 70 122 1412
+36 70 900 5649
+36 70 065 3335
+36 70 506 7514
+36 70 467 9705
+36 70 152 7929
+36 70 853 1886
+36 70 831 3560
+36 70 378 1838
+36 70 817 8378
+36 70 223 0094
+36 70 363 8237
+36 70 167 9059
+36 70 767 1363
+36 70 866 9618
+36 70 817 1557
+36 70 246 2052
+36 20 293 2769
+36 20 083 5000
+36 20 489 1620
+36 20 145 8344
+36 20 479 2399
+36 20 739 8398
+36 20 889 4191
+36 20 461 8154
+36 20 348 7371
+36 20 109 4082
+36 20 723 8141
+36 20 134 2998
+36 20 460 7428
+36 20 380 4623
+36 20 563 7043
+36 20 885 7830
+36 20 010 4490
+36 20 702 4359
+36 20 225 3795
+36 20 802 6339
+36 20 508 9987
+36 20 992 2410
+36 20 369 0556
+36 20 580 9203
+36 20 027 0147
+36 20 302 7134
+36 20 946 5929
+36 20 104 3181
+36 20 082 1202
+36 20 044 2888
+36 20 344 2747
+36 20 422 6048
+36 20 303 5152
+36 20 064 8426
+36 20 700 4483
+36 20 065 1042
+36 20 559 6117
+36 20 729 2560
+36 20 607 1801
+36 20 670 7130
+36 20 902 0101
+36 20 301 8621
+36 20 285 1961
+36 20 323 5541
+36 20 445 6566
+36 20 786 4078
+36 20 635 6962
+36 20 868 4198
+36 20 442 9098
+36 20 742 8201
+36 31 493 9114
+36 31 311 3114
+36 31 732 5137
+36 31 255 1870
+36 31 642 8671
+36 31 832 0575
+36 31 188 2158
+36 31 035 9152
+36 31 056 6386
+36 31 192 7670