1011
1012
1013
1014
1015
1016
1021
1022
1023
1024
1025
1026
1027
1028
1029
1031
1032
1033
1034
1035
1036
1037
1038
1039
1041
1042
1043
1044
1045
1046
1047
1048
1051
1052
1053
1054
1055
1056
1061
1062
1063
1064
1065
1066
1067
1068
1071
1072
1073
1074
1075
1076
1077
1078
1081
1082
1083
1084
1085
1086
1087
1088
1089
1091
1092
1093
1094
1095
1096
1097
1098
1101
1102
1103
1104
1105
1106
1107
1108
1111
1112
1113
1114
1115
1116
1117
1118
1119
1121
1122
1123
1124
1125
1126
1131
1132
1133
1134
1135
1136
1137
1138
1139
1141
1142
1143
1144
1145
1146
1147
1148
1149
1151
1152
1153
1154
1155
1156
1157
1158
1161
1162
1163
1164
1165
1171
1172
1173
1174
1181
1182
1183
1184
1185
1186
1188
1191
1192
1193
1194
1195
1196
1201
1202
1203
1204
1205
1211
1212
1213
1214
1215
1221
1222
1223
1224
1225
1237
1238
1239
1529
2000
2001
2002
2003
2009
2011
2012
2013
2014
2015
2016
2017
2019
2021
2022
2023
2024
2025
2026
2027
2028
2030
2031
2032
2033
2035
2036
2038
2039
2040
2041
2042
2043
2044
2045
2046
2047
2049
2050
2051
2052
2053
2055
2056
2060
2061
2063
2064
2065
2066
2066
2067
2071
2072
2073
2074
2080
2081
2082
2083
2084
2085
2086
2087
2089
2090
2091
2092
2093
2094
2095
2096
2097
2098
2099
2100
2101
2102
2103
2105
2111
2112
2113
2114
2115
2116
2117
2118
2119
2120
2121
2122
2123
2131
2132
2133
2134
2135
2141
2142
2143
2144
2145
2146
2151
2152
2153
2161
2162
2163
2164
2165
2166
2167
2170
2173
2174
2175
2176
2177
2181
2182
2183
2184
2185
2191
2192
2193
2194
2200
2201
2202
2209
2211
2212
2213
2214
2215
2216
2217
2220
2221
2222
2225
2230
2233
2234
2235
2241
2242
2243
2244
2251
2252
2253
2254
2255
2300
2301
2309
2310
2311
2313
2314
2315
2316
2317
2318
2319
2321
2322
2330
2331
2332
2335
2336
2337
2338
2339
2340
2341
2342
2344
2345
2347
2351
2360
2363
2364
2365
2366
2367
2370
2371
2372
2373
2374
2375
2376
2377
2378
2381
2400
2401
2402
2403
2404
2405
2406
2407
2408
2421
2422
2423
2424
2425
2426
2427
2428
2431
2432
2433
2434
2435
2440
2441
2442
2443
2444
2451
2453
2454
2455
2456
2457
2458
2459
2461
2462
2463
2464
2465
2471
2472
2473
2475
2476
2477
2481
2482
2483
2484
2485
2490
2500
2501
2503
2508
2509
2510
2511
2512
2517
2518
2519
2521
2522
2523
2524
2525
2526
2527
2528
2529
2531
2532
2533
2534
2535
2536
2537
2541
2542
2543
2544
2545
2600
2601
2602
2603
2610
2611
2612
2613
2614
2615
2616
2616
2617
2618
2619
2621
2623
2624
2625
2626
2627
2628
2629
2631
2632
2633
2634
2635
2636
2637
2638
2639
2640
2641
2642
2643
2644
2645
2646
2647
2648
2649
2651
2652
2653
2654
2655
2655
2655
2656
2657
2658
2658
2659
2660
2661
2662
2668
2669
2671
2672
2673
2675
2675
2676
2677
2678
2681
2682
2683
2685
2686
2687
2688
2691
2692
2693
2694
2694
2694
2696
2697
2698
2699
2700
2701
2702
2703
2704
2711
2712
2713
2721
2723
2724
2730
2735
2736
2737
2738
2740
2745
2746
2747
2750
2751
2752
2755
2760
2761
2764
2765
2766
2767
2768
2769
2800
2801
2802
2803
2804
2805
2806
2807
2808
2809
2821
2822
2823
2824
2831
2832
2833
2834
2835
2836
2837
2840
2841
2842
2851
2852
2853
2854
2855
2856
2858
2859
2861
2862
2870
2879
2881
2882
2883
2884
2885
2886
2887
2888
2889
2890
2891
2892
2893
2894
2896
2897
2898
2899
2900
2901
2902
2903
2904
2911
2921
2922
2931
2932
2941
2942
2943
2944
2945
2946
2947
2948
2949
3000
3001
3002
3003
3009
3011
3012
3013
3014
3015
3016
3021
3022
3023
3024
3031
3032
3033
3034
3035
3036
3041
3042
3043
3044
3045
3046
3047
3051
3052
3053
3053
3060
3061
3062
3063
3064
3065
3066
3066
3066
3067
3067
3068
3069
3070
3071
3072
3073
3074
3075
3075
3075
3077
3078
3082
3100
3101
3102
3103
3104
3107
3109
3110
3121
3123
3124
3125
3126
3127
3128
3129
3131
3132
3133
3134
3135
3136
3137
3138
3141
3142
3143
3144
3145
3146
3147
3151
3152
3153
3154
3155
3161
3162
3163
3163
3165
3170
3175
3176
3177
3178
3179
3181
3182
3183
3184
3185
3186
3187
3188
3200
3201
3202
3211
3212
3213
3214
3221
3231
3232
3233
3234
3235
3240
3242
3243
3244
3245
3246
3247
3248
3250
3252
3253
3254
3255
3256
3257
3258
3259
3261
3262
3263
3264
3265
3271
3272
3273
3274
3275
3281
3282
3283
3284
3291
3292
3293
3294
3295
3296
3300
3301
3302
3303
3304
3305
3321
3322
3323
3324
3325
3326
3327
3328
3331
3332
3333
3334
3335
3336
3337
3341
3341
3343
3344
3345
3346
3346
3347
3348
3349
3350
3351
3352
3353
3354
3355
3356
3357
3358
3359
3360
3368
3369
3371
3372
3373
3374
3375
3377
3378
3379
3381
3382
3383
3384
3385
3386
3387
3388
3390
3392
3393
3394
3395
3396
3397
3398
3399
3400
3401
3402
3411
3412
3413
3414
3416
3417
3418
3421
3422
3423
3424
3425
3426
3431
3432
3433
3434
3435
3441
3442
3443
3444
3450
3458
3459
3461
3462
3463
3464
3465
3466
3467
3500
3501
3502
3503
3504
3505
3506
3507
3508
3509
3510
3511
3513
3514
3515
3516
3517
3518
3519
3521
3523
3524
3525
3526
3527
3528
3529
3530
3531
3532
3533
3534
3535
3542
3543
3544
3545
3546
3547
3548
3549
3551
3552
3553
3554
3555
3556
3557
3559
3561
3562
3563
3564
3565
3571
3572
3573
3574
3575
3576
3577
3578
3578
3579
3580
3581
3582
3585
3586
3587
3588
3589
3591
3592
3593
3594
3595
3596
3597
3598
3599
3600
3601
3603
3604
3607
3608
3621
3622
3623
3625
3626
3627
3627
3630
3635
3636
3636
3641
3642
3643
3644
3645
3646
3647
3648
3648
3648
3651
3652
3653
3654
3655
3656
3656
3657
3658
3659
3661
3662
3663
3664
3671
3672
3700
3701
3702
3703
3704
3705
3711
3712
3712
3713
3714
3715
3716
3716
3717
3718
3720
3720
3721
3721
3721
3722
3723
3724
3724
3724
3726
3726
3726
3728
3728
3729
3731
3732
3733
3734
3735
3735
3735
3741
3742
3743
3744
3751
3752
3752
3753
3754
3754
3755
3756
3756
3757
3757
3757
3758
3759
3761
3761
3761
3762
3763
3764
3765
3765
3765
3767
3768
3768
3768
3769
3770
3773
3773
3775
3776
3777
3778
3779
3780
3780
3780
3780
3783
3786
3786
3786
3786
3787
3791
3792
3793
3794
3794
3795
3795
3796
3800
3809
3809
3809
3811
3812
3812
3813
3814
3815
3815
3816
3817
3821
3821
3821
3821
3821
3821
3821
3825
3825
3825
3826
3831
3832
3833
3834
3834
3836
3837
3837
3837
3837
3841
3842
3843
3844
3844
3846
3847
3848
3849
3851
3852
3853
3853
3854
3855
3860
3861
3863
3864
3865
3866
3866
3871
3872
3873
3874
3874
3874
3875
3876
3877
3881
3881
3881
3882
3882
3884
3885
3885
3886
3887
3888
3891
3892
3893
3893
3893
3894
3895
3896
3897
3898
3898
3899
3900
3901
3903
3904
3905
3906
3907
3908
3909
3910
3911
3915
3916
3917
3918
3918
3921
3922
3923
3924
3925
3926
3927
3928
3929
3931
3932
3933
3934
3935
3936
3937
3941
3942
3943
3944
3945
3950
3954
3955
3956
3957
3958
3959
3961
3962
3963
3964
3965
3965
3967
3971
3972
3973
3974
3974
3976
3977
3978
3980
3981
3985
3985
3987
3988
3989
3989
3989
3991
3992
3992
3993
3994
3994
3994
3994
3994
3994
3995
3996
3997
3998
3999
4000
4001
4002
4003
4004
4005
4006
4007
4008
4009
4010
4011
4012
4013
4014
4015
4017
4021
4022
4024
4025
4026
4027
4028
4029
4030
4031
4032
4033
4034
4040
4041
4042
4044
4045
4046
4047
4048
4060
4063
4063
4064
4065
4066
4067
4069
4071
4074
4075
4078
4079
4080
4081
4085
4086
4087
4090
4090
4096
4097
4100
4101
4103
4110
4114
4115
4116
4117
4118
4119
4121
4122
4123
4124
4125
4126
4127
4128
4130
4131
4132
4133
4134
4135
4136
4137
4138
4141
4142
4143
4144
4145
4146
4150
4151
4152
4155
4161
4162
4163
4164
4171
4172
4173
4174
4175
4176
4177
4181
4183
4184
4200
4201
4202
4211
4212
4220
4221
4224
4225
4225
4231
4232
4233
4234
4235
4241
4242
4243
4244
4245
4246
4251
4252
4253
4254
4262
4263
4264
4266
4267
4271
4272
4273
4274
4275
4281
4283
4284
4285
4286
4287
4288
4300
4301
4311
4320
4321
4324
4325
4326
4327
4331
4332
4333
4334
4335
4336
4337
4338
4341
4342
4343
4351
4352
4353
4354
4355
4356
4361
4362
4363
4371
4372
4373
4374
4375
4376
4400
4401
4402
4403
4404
4405
4406
4407
4410
4411
4412
4413
4431
4432
4433
4434
4435
4440
4441
4444
4445
4446
4447
4450
4455
4456
4461
4463
4464
4465
4466
4467
4468
4471
4472
4474
4475
4481
4482
4483
4484
4485
4486
4487
4488
4491
4492
4493
4494
4495
4496
4501
4502
4503
4511
4512
4515
4516
4517
4521
4522
4523
4524
4525
4531
4532
4533
4534
4535
4536
4537
4541
4542
4543
4544
4545
4546
4547
4551
4552
4553
4554
4555
4556
4557
4558
4561
4562
4563
4564
4565
4566
4567
4600
4601
4603
4611
4621
4622
4623
4624
4625
4625
4627
4628
4631
4632
4633
4634
4635
4641
4642
4643
4644
4645
4646
4700
4701
4702
4721
4722
4731
4732
4733
4734
4735
4735
4737
4737
4741
4742
4743
4745
4746
4751
4752
4754
4754
4755
4756
4761
4762
4763
4764
4765
4765
4766
4767
4800
4801
4803
4804
4811
4812
4813
4821
4822
4823
4824
4826
4831
4832
4833
4834
4835
4836
4841
4842
4843
4844
4845
4900
4901
4911
4912
4913
4914
4921
4921
4922
4931
4932
4933
4934
4935
4936
4937
4941
4942
4942
4943
4944
4945
4946
4947
4948
4951
4952
4953
4954
4955
4956
4961
4962
4963
4964
4965
4966
4967
4968
4969
4971
4972
4973
4974
4975
4976
4977
4977
5000
5001
5002
5003
5004
5005
5006
5007
5008
5009
5051
5052
5053
5054
5055
5061
5062
5063
5064
5065
5071
5081
5082
5083
5084
5085
5091
5092
5093
5094
5095
5100
5101
5102
5111
5121
5122
5123
5124
5125
5126
5130
5131
5135
5136
5137
5141
5142
5143
5144
5152
5200
5201
5211
5212
5213
5222
5231
5232
5233
5234
5235
5241
5243
5244
5300
5301
5302
5309
5310
5311
5321
5322
5323
5324
5331
5340
5341
5349
5350
5351
5358
5359
5361
5362
5363
5400
5401
5403
5404
5411
5412
5420
5421
5430
5431
5432
5435
5440
5441
5449
5451
5452
5453
5461
5462
5463
5464
5465
5471
5473
5474
5475
5476
5500
5501
5502
5510
5515
5516
5520
5521
5525
5526
5527
5530
5534
5536
5537
5538
5539
5540
5541
5551
5552
5553
5555
5556
5561
5600
5601
5602
5603
5604
5605
5609
5621
5622
5623
5624
5630
5631
5641
5643
5650
5661
5662
5663
5664
5665
5666
5667
5668
5671
5672
5673
5674
5675
5700
5701
5702
5703
5711
5712
5720
5721
5722
5725
5726
5727
5731
5732
5734
5741
5742
5743
5744
5745
5746
5747
5751
5752
5800
5801
5802
5811
5820
5830
5836
5837
5838
5900
5901
5902
5903
5904
5905
5919
5920
5925
5931
5932
5940
5945
5946
5948
6000
6001
6002
6003
6004
6005
6006
6007
6008
6010
6031
6032
6033
6034
6035
6041
6042
6043
6044
6045
6050
6055
6060
6061
6062
6063
6064
6065
6066
6067
6070
6075
6076
6077
6078
6080
6085
6086
6087
6088
6090
6093
6096
6097
6098
6100
6101
6102
6111
6112
6113
6114
6114
6115
6116
6120
6131
6132
6133
6134
6135
6136
6200
6201
6211
6221
6222
6223
6224
6230
6235
6236
6237
6238
6239
6300
6301
6311
6320
6321
6323
6325
6326
6327
6328
6331
6332
6333
6334
6335
6336
6337
6341
6342
6343
6344
6345
6346
6347
6348
6351
6352
6353
6400
6401
6402
6411
6412
6413
6414
6421
6422
6423
6424
6425
6430
6435
6440
6444
6445
6446
6447
6448
6449
6451
6452
6453
6454
6455
6456
6500
6501
6502
6503
6511
6512
6513
6521
6522
6523
6524
6525
6527
6528
6600
6601
6602
6603
6612
6621
6622
6623
6624
6625
6630
6635
6636
6640
6641
6642
6645
6646
6647
6648
6700
6701
6702
6703
6704
6705
6706
6707
6708
6709
6710
6712
6713
6717
6718
6719
6720
6721
6722
6723
6724
6725
6726
6727
6728
6729
6740
6741
6742
6743
6744
6745
6746
6747
6748
6750
6750
6753
6753
6754
6755
6756
6757
6757
6758
6760
6762
6763
6764
6765
6766
6767
6768
6769
6771
6771
6772
6773
6774
6775
6781
6782
6783
6784
6785
6786
6787
6791
6791
6792
6793
6794
6795
6800
6801
6802
6803
6804
6806
6808
6811
6821
6900
6901
6902
6903
6911
6912
6913
6914
6915
6916
6917
6921
6922
6923
6931
6932
6933
7000
7001
7002
7003
7011
7012
7013
7014
7015
7016
7017
7018
7019
7020
7021
7025
7026
7027
7030
7031
7032
7038
7039
7041
7042
7043
7044
7045
7047
7051
7052
7054
7056
7057
7061
7062
7063
7064
7065
7066
7067
7068
7071
7072
7081
7082
7083
7084
7085
7086
7087
7090
7091
7092
7093
7094
7095
7095
7097
7098
7099
7100
7101
7102
7103
7121
7122
7130
7131
7132
7133
7134
7135
7136
7140
7142
7143
7144
7145
7146
7147
7148
7149
7150
7151
7153
7158
7159
7161
7162
7163
7164
7165
7171
7172
7173
7174
7175
7176
7181
7182
7183
7184
7184
7185
7186
7186
7187
7188
7191
7192
7193
7194
7195
7200
7201
7202
7203
7211
7212
7213
7214
7214
7215
7224
7225
7226
7227
7228
7251
7252
7253
7253
7255
7256
7257
7258
7258
7261
7261
7271
7272
7273
7274
7275
7276
7276
7279
7281
7282
7282
7283
7284
7285
7285
7285
7286
7300
7300
7301
7302
7303
7304
7305
7306
7309
7331
7332
7333
7333
7334
7334
7341
7342
7343
7344
7345
7346
7347
7348
7348
7349
7351
7352
7353
7354
7355
7356
7357
7361
7362
7362
7362
7362
7370
7370
7370
7370
7370
7370
7370
7381
7381
7381
7383
7383
7383
7384
7385
7386
7391
7391
7391
7393
7394
7394
7396
7400
7400
7400
7401
7402
7403
7404
7405
7406
7407
7408
7409
7431
7432
7432
7434
7435
7436
7439
7441
7442
7443
7443
7443
7444
7452
7453
7454
7455
7456
7457
7458
7463
7463
7464
7465
7471
7472
7472
7473
7473
7473
7474
7474
7475
7476
7477
7477
7477
7477
7478
7479
7500
7501
7511
7512
7513
7514
7515
7516
7517
7521
7522
7523
7523
7524
7525
7526
7527
7527
7530
7530
7532
7533
7533
7535
7536
7537
7538
7539
7541
7542
7543
7544
7545
7551
7552
7553
7555
7556
7557
7561
7561
7562
7563
7564
7570
7571
7582
7582
7584
7584
7584
7585
7585
7586
7587
7588
7589
7600
7601
7602
7603
7604
7605
7606
7607
7608
7610
7611
7612
7613
7614
7615
7616
7617
7618
7619
7621
7622
7623
7624
7625
7626
7627
7628
7629
7630
7631
7632
7633
7634
7635
7636
7639
7643
7644
7645
7646
7647
7648
7650
7661
7661
7661
7661
7663
7664
7664
7664
7666
7668
7668
7668
7671
7671
7671
7672
7673
7673
7675
7675
7677
7678
7678
7678
7681
7681
7681
7682
7683
7683
7683
7691
7691
7693
7693
7694
7695
7695
7695
7696
7700
7701
7702
7711
7712
7714
7715
7716
7717
7718
7720
7720
7720
7720
7720
7723
7724
7725
7726
7727
7728
7728
7731
7732
7733
7733
7735
7735
7735
7737
7741
7741
7741
7742
7743
7744
7745
7745
7747
7747
7751
7751
7752
7753
7754
7755
7756
7756
7756
7756
7757
7757
7759
7759
7761
7761
7761
7762
7763
7763
7763
7763
7763
7766
7766
7766
7766
7768
7768
7771
7772
7772
7773
7773
7774
7775
7775
7775
7775
7781
7781
7781
7782
7783
7784
7785
7800
7800
7800
7801
7802
7811
7811
7811
7811
7811
7811
7812
7813
7814
7814
7814
7814
7815
7817
7817
7817
7822
7823
7823
7824
7824
7826
7827
7827
7831
7833
7833
7833
7834
7834
7834
7836
7836
7837
7838
7838
7838
7838
7838
7838
7838
7838
7839
7839
7841
7841
7841
7841
7841
7843
7843
7843
7843
7843
7846
7847
7847
7847
7849
7850
7851
7851
7851
7853
7854
7900
7900
7900
7901
7912
7912
7912
7913
7914
7914
7914
7915
7915
7918
7918
7918
7921
7922
7922
7922
7922
7923
7924
7925
7925
7926
7932
7932
7932
7934
7935
7935
7935
7936
7937
7940
7940
7940
7951
7951
7951
7951
7953
7954
7954
7954
7954
7954
7957
7958
7960
7960
7960
7960
7960
7960
7964
7966
7967
7967
7967
7968
7971
7972
7972
7973
7973
7973
7973
7975
7976
7976
7977
7977
7977
7979
7980
7981
7981
7981
7981
7981
7985
7985
7987
7988
8000
8001
8002
8003
8004
8005
8006
8007
8008
8011
8019
8020
8041
8042
8043
8044
8045
8046
8051
8052
8053
8054
8055
8056
8060
8061
8062
8065
8066
8071
8072
8073
8074
8080
8081
8082
8083
8084
8085
8086
8087
8088
8089
8092
8093
8095
8096
8097
8100
8101
8102
8103
8104
8105
8109
8111
8112
8121
8122
8123
8124
8125
8126
8127
8130
8131
8132
8133
8134
8135
8136
8137
8138
8142
8143
8144
8145
8146
8151
8152
8153
8154
8156
8157
8161
8162
8163
8164
8171
8172
8173
8174
8175
8181
8182
8183
8184
8191
8192
8193
8194
8195
8196
8200
8201
8202
8204
8205
8206
8207
8220
8221
8222
8225
8226
8227
8228
8229
8229
8230
8230
8231
8232
8233
8236
8237
8241
8242
8242
8243
8244
8245
8245
8246
8247
8248
8248
8251
8252
8253
8254
8254
8255
8256
8256
8257
8258
8261
8263
8264
8265
8271
8272
8272
8272
8272
8272
8273
8274
8275
8281
8282
8283
8284
8284
8286
8291
8291
8291
8291
8292
8294
8294
8295
8296
8296
8297
8300
8300
8301
8302
8303
8308
8308
8311
8312
8313
8314
8315
8316
8316
8318
8318
8319
8321
8330
8331
8341
8341
8341
8342
8344
8344
8345
8346
8347
8348
8348
8348
8349
8351
8352
8353
8353
8354
8354
8354
8355
8356
8356
8357
8357
8360
8361
8362
8363
8364
8371
8372
8373
8380
8380
8381
8391
8392
8393
8394
8400
8401
8403
8404
8408
8409
8411
8412
8413
8414
8415
8416
8417
8418
8419
8420
8422
8423
8424
8425
8426
8427
8428
8429
8430
8431
8432
8433
8434
8435
8436
8437
8438
8439
8440
8441
8442
8443
8444
8445
8445
8446
8447
8448
8449
8451
8452
8452
8454
8455
8456
8457
8458
8460
8461
8468
8469
8471
8471
8471
8473
8474
8475
8475
8475
8476
8477
8477
8477
8478
8479
8481
8482
8483
8483
8484
8484
8484
8485
8491
8492
8493
8494
8495
8496
8496
8497
8497
8500
8501
8502
8503
8505
8510
8511
8512
8513
8514
8515
8516
8517
8518
8521
8522
8523
8523
8531
8532
8533
8534
8541
8542
8543
8544
8545
8551
8552
8553
8554
8555
8556
8557
8557
8558
8561
8562
8563
8564
8565
8571
8572
8581
8581
8582
8591
8591
8592
8593
8594
8595
8596
8597
8597
8598
8600
8601
8602
8604
8609
8611
8612
8613
8614
8617
8618
8619
8621
8622
8623
8624
8625
8626
8627
8628
8630
8631
8634
8635
8636
8637
8638
8640
8641
8642
8644
8646
8647
8647
8648
8649
8651
8652
8653
8654
8655
8656
8658
8660
8660
8660
8660
8660
8666
8666
8667
8668
8669
8671
8672
8673
8674
8675
8676
8681
8681
8683
8684
8685
8691
8692
8692
8693
8693
8694
8695
8696
8697
8698
8698
8699
8700
8700
8701
8705
8706
8707
8707
8708
8709
8710
8711
8712
8713
8714
8714
8716
8716
8716
8717
8717
8718
8719
8721
8722
8723
8724
8725
8726
8726
8728
8731
8731
8732
8732
8732
8733
8734
8735
8736
8737
8738
8739
8741
8741
8742
8743
8744
8745
8746
8747
8747
8749
8751
8752
8753
8754
8756
8756
8756
8756
8761
8761
8762
8762
8764
8764
8765
8767
8767
8767
8771
8772
8772
8773
8773
8774
8774
8774
8776
8776
8776
8777
8777
8777
8778
8782
8782
8782
8784
8785
8785
8788
8788
8789
8790
8792
8793
8795
8796
8797
8798
8799
8799
8800
8801
8802
8803
8804
8808
8809
8821
8822
8824
8825
8825
8827
8831
8831
8834
8835
8840
8840
8849
8851
8852
8852
8853
8854
8855
8856
8856
8857
8858
8858
8858
8858
8861
8862
8863
8864
8865
8866
8866
8868
8868
8868
8868
8872
8872
8873
8874
8874
8876
8877
8878
8879
8879
8881
8882
8883
8885
8885
8886
8887
8887
8888
8888
8888
8891
8891
8893
8893
8895
8896
8897
8900
8901
8902
8903
8904
8905
8906
8907
8908
8909
8911
8911
8912
8912
8913
8913
8913
8914
8915
8917
8917
8917
8918
8918
8919
8921
8921
8921
8921
8923
8924
8925
8925
8925
8925
8925
8929
8931
8931
8932
8932
8932
8934
8935
8935
8935
8935
8935
8936
8943
8943
8944
8945
8946
8946
8946
8947
8947
8948
8948
8949
8951
8951
8953
8954
8956
8956
8956
8957
8957
8957
8957
8958
8960
8961
8966
8969
8969
8969
8969
8971
8971
8973
8973
8973
8973
8973
8973
8973
8975
8976
8976
8977
8977
8977
8978
8978
8978
8978
8978
8981
8981
8983
8983
8983
8984
8984
8984
8985
8986
8986
8986
8988
8988
8989
8990
8991
8991
8991
8992
8992
8992
8992
8994
8994
8995
8995
8996
8997
8998
8998
8999
8999
9000
9001
9002
9003
9004
9005
9006
9007
9008
9009
9010
9011
9012
9013
9019
9020
9021
9022
9023
9024
9025
9026
9027
9028
9029
9030
9061
9062
9062
9063
9071
9072
9073
9074
9081
9082
9083
9084
9085
9086
9088
9089
9090
9091
9092
9093
9094
9095
9096
9097
9098
9099
9100
9111
9112
9113
9121
9122
9123
9124
9125
9126
9127
9131
9132
9133
9133
9134
9135
9136
9136
9141
9142
9143
9144
9145
9146
9147
9151
9152
9153
9154
9155
9161
9162
9163
9164
9165
9165
9165
9167
9168
9169
9169
9171
9172
9173
9174
9175
9176
9177
9178
9181
9182
9183
9184
9200
9201
9202
9203
9211
9221
9222
9223
9224
9225
9226
9228
9231
9232
9233
9234
9235
9235
9241
9242
9243
9244
9245
9300
9301
9311
9312
9313
9314
9315
9316
9317
9321
9322
9323
9324
9324
9325
9326
9327
9327
9330
9331
9332
9339
9341
9342
9343
9343
9343
9344
9345
9346
9346
9346
9351
9352
9353
9354
9361
9362
9363
9364
9365
9371
9372
9373
9374
9375
9375
9375
9400
9401
9402
9403
9404
9405
9406
9407
9408
9409
9421
9422
9423
9431
9433
9434
9435
9436
9437
9438
9441
9442
9443
9444
9451
9451
9461
9462
9463
9464
9471
9472
9473
9474
9474
9475
9476
9481
9482
9483
9484
9485
9491
9492
9493
9494
9495
9500
9501
9502
9503
9511
9512
9513
9514
9515
9516
9517
9521
9522
9523
9531
9532
9533
9534
9534
9541
9542
9542
9544
9545
9547
9548
9549
9551
9552
9553
9553
9554
9554
9555
9556
9561
9561
9600
9601
9602
9608
9609
9611
9612
9612
9621
9622
9623
9624
9625
9625
9631
9632
9633
9634
9634
9635
9636
9641
9643
9651
9652
9653
9654
9661
9662
9662
9663
9664
9665
9671
9672
9673
9674
9675
9676
9681
9682
9683
9684
9685
9700
9701
9702
9703
9704
9705
9706
9707
9708
9709
9710
9719
9721
9722
9723
9724
9725
9725
9725
9726
9727
9730
9731
9732
9733
9733
9733
9734
9735
9736
9737
9738
9739
9739
9739
9740
9741
9742
9743
9744
9745
9746
9747
9748
9749
9751
9752
9752
9754
9754
9756
9757
9761
9762
9763
9764
9766
9766
9766
9771
9772
9773
9774
9774
9774
9775
9776
9777
9781
9782
9783
9784
9784
9784
9789
9791
9791
9792
9793
9794
9795
9796
9796
9797
9798
9799
9800
9801
9811
9812
9813
9813
9814
9821
9821
9823
9824
9825
9826
9831
9832
9833
9834
9835
9836
9841
9842
9900
9901
9909
9909
9912
9912
9913
9913
9913
9914
9915
9915
9915
9915
9917
9917
9918
9919
9921
9922
9923
9931
9931
9932
9933
9934
9934
9934
9935
9936
9937
9938
9938
9941
9941
9942
9943
9944
9944
9945
9946
9946
9951
9952
9953
9953
9954
9955
9961
9962
9962
9970
9971
9981
9982
9982
9982
9983
9983
9985
2087
2099
2738
2835
2921
3024
3065
3078
3082
3141
3147
3221
3232
3233
3234
3244
3625
3651
3661
3662
3783
3923
3944
3945
3988
4067
4074
4078
4079
4086
4162
4246
4252
4253
4446
4447
4481
4486
4551
5095
5152
5212
5213
5349
5461
5623
5671
5752
6044
6648
7018
7019
7027
7187
7409
7557
7714
7715
8054
8172
8173
8184
8236
8257
8297
8411
8412
8447
8448
8451
8531
8591
8598
8691
8709
8714
8785
8789
8793
8795
8831
9183
9434
9494
9541
9740
9955